0.000000 -9970.520400 0.000000
0.016695 -9970.520400 0.000000
0.033511 -9970.518700 0.001700
0.050588 -9970.514700 0.005700
0.068068 -9970.507900 0.012500
0.086096 -9970.499000 0.021400
0.104778 -9970.487800 0.032600
0.124157 -9970.473100 0.047300
0.144214 -9970.452800 0.067600
0.164873 -9970.424400 0.096000
0.186057 -9970.386900 0.133500
0.207710 -9970.339100 0.181300
0.229761 -9970.277500 0.242900
0.252098 -9970.195300 0.325100
0.274571 -9970.081900 0.438500
0.297042 -9969.928700 0.591700
0.319417 -9969.735600 0.784800
0.341644 -9969.508100 1.012300
0.363701 -9969.251200 1.269200
0.385584 -9968.969600 1.550800
0.407311 -9968.676300 1.844100
0.428913 -9968.401700 2.118700
0.450429 -9968.190900 2.329500
0.471897 -9968.077100 2.443300
0.493345 -9968.049600 2.470800
0.539231 -9968.138600 2.381800
0.585022 -9968.415200 2.105200
0.611270 -9968.915400 1.605000
0.635178 -9969.226100 1.294300
0.659263 -9969.492800 1.027600
0.683474 -9969.707700 0.812700
0.707709 -9969.873500 0.646900
0.731745 -9969.997400 0.523000
0.755253 -9970.093300 0.427100
0.777993 -9970.171600 0.348800
0.799893 -9970.234700 0.285700
0.820958 -9970.285100 0.235300
0.841207 -9970.324900 0.195500
0.860646 -9970.355700 0.164700
0.879255 -9970.378100 0.142300
0.896984 -9970.393700 0.126700
0.913796 -9970.404900 0.115500
0.929707 -9970.413200 0.107200
0.944800 -9970.419400 0.101000
0.959206 -9970.424100 0.096300
0.973073 -9970.427100 0.093300
0.986582 -9970.428800 0.091600
1.000000 -9970.429800 0.090600
